0.0 0.537627197202
0.0001 0.562578281234
0.0002 0.585309125807
0.0003 0.605730022663
0.0004 0.623760379852
0.0005 0.63932903979
0.0006 0.65237456009
0.0007 0.662845456042
0.0008 0.670700403805
0.0009 0.675908403488
0.001 0.678448901496
0.0011 0.678311871643
0.0012 0.675497854724
0.0013 0.670017956378
0.0014 0.661893803261
0.0015 0.651157457692
0.0016 0.637851291124
0.0017 0.622027816915
0.0018 0.603749483091
0.0019 0.583088425885
0.002 0.560126185049
0.0021 0.534953382058
0.0022 0.507669362464
0.0023 0.47838180383
0.0024 0.447206290767
0.0025 0.414265858784
0.0026 0.379690508716
0.0027 0.343616693675
0.0028 0.306186780527
0.0029 0.26754848804
0.003 0.227854303902
0.0031 0.187260882923
0.0032 0.14592842879
0.0033 0.104020061818
0.0034 0.0617011751833
0.0035 0.0191387821991
0.0036 -0.0234991428147
0.0037 -0.0660443274476
0.0038 -0.108328865293
0.0039 -0.150185878598
0.004 -0.191450176853
0.0041 -0.231958908725
0.0042 -0.271552204757
0.0043 -0.310073808297
0.0044 -0.347371692175
0.0045 -0.383298658683
0.0046 -0.417712920497
0.0047 -0.450478660249
0.0048 -0.481466566534
0.0049 -0.510554344241
0.005 -0.537627197202
0.0051 -0.562578281234
0.0052 -0.585309125807
0.0053 -0.605730022663
0.0054 -0.623760379852
0.0055 -0.63932903979
0.0056 -0.65237456009
0.0057 -0.662845456042
0.0058 -0.670700403805
0.0059 -0.675908403488
0.006 -0.678448901496
0.0061 -0.678311871643
0.0062 -0.675497854724
0.0063 -0.670017956378
0.0064 -0.661893803261
0.0065 -0.651157457692
0.0066 -0.637851291124
0.0067 -0.622027816915
0.0068 -0.603749483091
0.0069 -0.583088425885
0.007 -0.560126185049
0.0071 -0.534953382058
0.0072 -0.507669362464
0.0073 -0.47838180383
0.0074 -0.447206290767
0.0075 -0.414265858784
0.0076 -0.379690508716
0.0077 -0.343616693675
0.0078 -0.306186780527
0.0079 -0.26754848804
0.008 -0.227854303902
0.0081 -0.187260882923
0.0082 -0.14592842879
0.0083 -0.104020061818
0.0084 -0.0617011751833
0.0085 -0.0191387821991
0.0086 0.0234991428147
0.0087 0.0660443274476
0.0088 0.108328865293
0.0089 0.150185878598
0.009 0.191450176853
0.0091 0.231958908725
0.0092 0.271552204757
0.0093 0.310073808297
0.0094 0.347371692175
0.0095 0.383298658683
0.0096 0.417712920497
0.0097 0.450478660249
0.0098 0.481466566534
0.0099 0.510554344241
0.01 0.537627197202
0.0101 0.562578281234
0.0102 0.585309125807
0.0103 0.605730022663
0.0104 0.623760379852
0.0105 0.63932903979
0.0106 0.65237456009
0.0107 0.662845456042
0.0108 0.670700403805
0.0109 0.675908403488
0.011 0.678448901496
0.0111 0.678311871643
0.0112 0.675497854724
0.0113 0.670017956378
0.0114 0.661893803261
0.0115 0.651157457692
0.0116 0.637851291124
0.0117 0.622027816915
0.0118 0.603749483091
0.0119 0.583088425885
0.012 0.560126185049
0.0121 0.534953382058
0.0122 0.507669362464
0.0123 0.47838180383
0.0124 0.447206290767
0.0125 0.414265858784
0.0126 0.379690508716
0.0127 0.343616693675
0.0128 0.306186780527
0.0129 0.26754848804
0.013 0.227854303902
0.0131 0.187260882923
0.0132 0.14592842879
0.0133 0.104020061818
0.0134 0.0617011751833
0.0135 0.0191387821991
0.0136 -0.0234991428147
0.0137 -0.0660443274476
0.0138 -0.108328865293
0.0139 -0.150185878598
0.014 -0.191450176853
0.0141 -0.231958908725
0.0142 -0.271552204757
0.0143 -0.310073808297
0.0144 -0.347371692175
0.0145 -0.383298658683
0.0146 -0.417712920497
0.0147 -0.450478660249
0.0148 -0.481466566534
0.0149 -0.510554344241
0.015 -0.537627197202
0.0151 -0.562578281234
0.0152 -0.585309125807
0.0153 -0.605730022663
0.0154 -0.623760379852
0.0155 -0.63932903979
0.0156 -0.65237456009
0.0157 -0.662845456042
0.0158 -0.670700403805
0.0159 -0.675908403488
0.016 -0.678448901496
0.0161 -0.678311871643
0.0162 -0.675497854724
0.0163 -0.670017956378
0.0164 -0.661893803261
0.0165 -0.651157457692
0.0166 -0.637851291124
0.0167 -0.622027816915
0.0168 -0.603749483091
0.0169 -0.583088425885
0.017 -0.560126185049
0.0171 -0.534953382058
0.0172 -0.507669362464
0.0173 -0.47838180383
0.0174 -0.447206290767
0.0175 -0.414265858784
0.0176 -0.379690508716
0.0177 -0.343616693675
0.0178 -0.306186780527
0.0179 -0.26754848804
0.018 -0.227854303902
0.0181 -0.187260882923
0.0182 -0.14592842879
0.0183 -0.104020061818
0.0184 -0.0617011751833
0.0185 -0.0191387821991
0.0186 0.0234991428147
0.0187 0.0660443274476
0.0188 0.108328865293
0.0189 0.150185878598
0.019 0.191450176853
0.0191 0.231958908725
0.0192 0.271552204757
0.0193 0.310073808297
0.0194 0.347371692175
0.0195 0.383298658683
0.0196 0.417712920497
0.0197 0.450478660249
0.0198 0.481466566534
0.0199 0.510554344241
0.02 0.537627197202
0.0201 0.562578281234
0.0202 0.585309125807
0.0203 0.605730022663
0.0204 0.623760379852
0.0205 0.63932903979
0.0206 0.65237456009
0.0207 0.662845456042
0.0208 0.670700403805
0.0209 0.675908403488
0.021 0.678448901496
0.0211 0.678311871643
0.0212 0.675497854724
0.0213 0.670017956378
0.0214 0.661893803261
0.0215 0.651157457692
0.0216 0.637851291124
0.0217 0.622027816915
0.0218 0.603749483091
0.0219 0.583088425885
0.022 0.560126185049
0.0221 0.534953382058
0.0222 0.507669362464
0.0223 0.47838180383
0.0224 0.447206290767
0.0225 0.414265858784
0.0226 0.379690508716
0.0227 0.343616693675
0.0228 0.306186780527
0.0229 0.26754848804
0.023 0.227854303902
0.0231 0.187260882923
0.0232 0.14592842879
0.0233 0.104020061818
0.0234 0.0617011751833
0.0235 0.0191387821991
0.0236 -0.0234991428147
0.0237 -0.0660443274476
0.0238 -0.108328865293
0.0239 -0.150185878598
0.024 -0.191450176853
0.0241 -0.231958908725
0.0242 -0.271552204757
0.0243 -0.310073808297
0.0244 -0.347371692175
0.0245 -0.383298658683
0.0246 -0.417712920497
0.0247 -0.450478660249
0.0248 -0.481466566534
0.0249 -0.510554344241
0.025 -0.537627197202
0.0251 -0.562578281234
0.0252 -0.585309125807
0.0253 -0.605730022663
0.0254 -0.623760379852
0.0255 -0.63932903979
0.0256 -0.65237456009
0.0257 -0.662845456042
0.0258 -0.670700403805
0.0259 -0.675908403488
0.026 -0.678448901496
0.0261 -0.678311871643
0.0262 -0.675497854724
0.0263 -0.670017956378
0.0264 -0.661893803261
0.0265 -0.651157457692
0.0266 -0.637851291124
0.0267 -0.622027816915
0.0268 -0.603749483091
0.0269 -0.583088425885
0.027 -0.560126185049
0.0271 -0.534953382058
0.0272 -0.507669362464
0.0273 -0.47838180383
0.0274 -0.447206290767
0.0275 -0.414265858784
0.0276 -0.379690508716
0.0277 -0.343616693675
0.0278 -0.306186780527
0.0279 -0.26754848804
0.028 -0.227854303902
0.0281 -0.187260882923
0.0282 -0.14592842879
0.0283 -0.104020061818
0.0284 -0.0617011751833
0.0285 -0.0191387821991
0.0286 0.0234991428147
0.0287 0.0660443274476
0.0288 0.108328865293
0.0289 0.150185878598
0.029 0.191450176853
0.0291 0.231958908725
0.0292 0.271552204757
0.0293 0.310073808297
0.0294 0.347371692175
0.0295 0.383298658683
0.0296 0.417712920497
0.0297 0.450478660249
0.0298 0.481466566534
0.0299 0.510554344241
0.03 0.537627197202
0.0301 0.562578281234
0.0302 0.585309125807
0.0303 0.605730022663
0.0304 0.623760379852
0.0305 0.63932903979
0.0306 0.65237456009
0.0307 0.662845456042
0.0308 0.670700403805
0.0309 0.675908403488
0.031 0.678448901496
0.0311 0.678311871643
0.0312 0.675497854724
0.0313 0.670017956378
0.0314 0.661893803261
0.0315 0.651157457692
0.0316 0.637851291124
0.0317 0.622027816915
0.0318 0.603749483091
0.0319 0.583088425885
0.032 0.560126185049
0.0321 0.534953382058
0.0322 0.507669362464
0.0323 0.47838180383
0.0324 0.447206290767
0.0325 0.414265858784
0.0326 0.379690508716
0.0327 0.343616693675
0.0328 0.306186780527
0.0329 0.26754848804
0.033 0.227854303902
0.0331 0.187260882923
0.0332 0.14592842879
0.0333 0.104020061818
0.0334 0.0617011751833
0.0335 0.0191387821991
0.0336 -0.0234991428147
0.0337 -0.0660443274476
0.0338 -0.108328865293
0.0339 -0.150185878598
0.034 -0.191450176853
0.0341 -0.231958908725
0.0342 -0.271552204757
0.0343 -0.310073808297
0.0344 -0.347371692175
0.0345 -0.383298658683
0.0346 -0.417712920497
0.0347 -0.450478660249
0.0348 -0.481466566534
0.0349 -0.510554344241
0.035 -0.537627197202
0.0351 -0.562578281234
0.0352 -0.585309125807
0.0353 -0.605730022663
0.0354 -0.623760379852
0.0355 -0.63932903979
0.0356 -0.65237456009
0.0357 -0.662845456042
0.0358 -0.670700403805
0.0359 -0.675908403488
0.036 -0.678448901496
0.0361 -0.678311871643
0.0362 -0.675497854724
0.0363 -0.670017956378
0.0364 -0.661893803261
0.0365 -0.651157457692
0.0366 -0.637851291124
0.0367 -0.622027816915
0.0368 -0.603749483091
0.0369 -0.583088425885
0.037 -0.560126185049
0.0371 -0.534953382058
0.0372 -0.507669362464
0.0373 -0.47838180383
0.0374 -0.447206290767
0.0375 -0.414265858784
0.0376 -0.379690508716
0.0377 -0.343616693675
0.0378 -0.306186780527
0.0379 -0.26754848804
0.038 -0.227854303902
0.0381 -0.187260882923
0.0382 -0.14592842879
0.0383 -0.104020061818
0.0384 -0.0617011751833
0.0385 -0.0191387821991
0.0386 0.0234991428147
0.0387 0.0660443274476
0.0388 0.108328865293
0.0389 0.150185878598
0.039 0.191450176853
0.0391 0.231958908725
0.0392 0.271552204757
0.0393 0.310073808297
0.0394 0.347371692175
0.0395 0.383298658683
0.0396 0.417712920497
0.0397 0.450478660249
0.0398 0.481466566534
0.0399 0.510554344241
0.04 0.537627197202
0.0401 0.562578281234
0.0402 0.585309125807
0.0403 0.605730022663
0.0404 0.623760379852
0.0405 0.63932903979
0.0406 0.65237456009
0.0407 0.662845456042
0.0408 0.670700403805
0.0409 0.675908403488
0.041 0.678448901496
0.0411 0.678311871643
0.0412 0.675497854724
0.0413 0.670017956378
0.0414 0.661893803261
0.0415 0.651157457692
0.0416 0.637851291124
0.0417 0.622027816915
0.0418 0.603749483091
0.0419 0.583088425885
0.042 0.560126185049
0.0421 0.534953382058
0.0422 0.507669362464
0.0423 0.47838180383
0.0424 0.447206290767
0.0425 0.414265858784
0.0426 0.379690508716
0.0427 0.343616693675
0.0428 0.306186780527
0.0429 0.26754848804
0.043 0.227854303902
0.0431 0.187260882923
0.0432 0.14592842879
0.0433 0.104020061818
0.0434 0.0617011751833
0.0435 0.0191387821991
0.0436 -0.0234991428147
0.0437 -0.0660443274476
0.0438 -0.108328865293
0.0439 -0.150185878598
0.044 -0.191450176853
0.0441 -0.231958908725
0.0442 -0.271552204757
0.0443 -0.310073808297
0.0444 -0.347371692175
0.0445 -0.383298658683
0.0446 -0.417712920497
0.0447 -0.450478660249
0.0448 -0.481466566534
0.0449 -0.510554344241
0.045 -0.537627197202
0.0451 -0.562578281234
0.0452 -0.585309125807
0.0453 -0.605730022663
0.0454 -0.623760379852
0.0455 -0.63932903979
0.0456 -0.65237456009
0.0457 -0.662845456042
0.0458 -0.670700403805
0.0459 -0.675908403488
0.046 -0.678448901496
0.0461 -0.678311871643
0.0462 -0.675497854724
0.0463 -0.670017956378
0.0464 -0.661893803261
0.0465 -0.651157457692
0.0466 -0.637851291124
0.0467 -0.622027816915
0.0468 -0.603749483091
0.0469 -0.583088425885
0.047 -0.560126185049
0.0471 -0.534953382058
0.0472 -0.507669362464
0.0473 -0.47838180383
0.0474 -0.447206290767
0.0475 -0.414265858784
0.0476 -0.379690508716
0.0477 -0.343616693675
0.0478 -0.306186780527
0.0479 -0.26754848804
0.048 -0.227854303902
0.0481 -0.187260882923
0.0482 -0.14592842879
0.0483 -0.104020061818
0.0484 -0.0617011751833
0.0485 -0.0191387821991
0.0486 0.0234991428147
0.0487 0.0660443274476
0.0488 0.108328865293
0.0489 0.150185878598
0.049 0.191450176853
0.0491 0.231958908725
0.0492 0.271552204757
0.0493 0.310073808297
0.0494 0.347371692175
0.0495 0.383298658683
0.0496 0.417712920497
0.0497 0.450478660249
0.0498 0.481466566534
0.0499 0.510554344241
0.05 0.537627197202
0.0501 0.562578281234
0.0502 0.585309125807
0.0503 0.605730022663
0.0504 0.623760379852
0.0505 0.63932903979
0.0506 0.65237456009
0.0507 0.662845456042
0.0508 0.670700403805
0.0509 0.675908403488
0.051 0.678448901496
0.0511 0.678311871643
0.0512 0.675497854724
0.0513 0.670017956378
0.0514 0.661893803261
0.0515 0.651157457692
0.0516 0.637851291124
0.0517 0.622027816915
0.0518 0.603749483091
0.0519 0.583088425885
0.052 0.560126185049
0.0521 0.534953382058
0.0522 0.507669362464
0.0523 0.47838180383
0.0524 0.447206290767
0.0525 0.414265858784
0.0526 0.379690508716
0.0527 0.343616693675
0.0528 0.306186780527
0.0529 0.26754848804
0.053 0.227854303902
0.0531 0.187260882923
0.0532 0.14592842879
0.0533 0.104020061818
0.0534 0.0617011751833
0.0535 0.0191387821991
0.0536 -0.0234991428147
0.0537 -0.0660443274476
0.0538 -0.108328865293
0.0539 -0.150185878598
0.054 -0.191450176853
0.0541 -0.231958908725
0.0542 -0.271552204757
0.0543 -0.310073808297
0.0544 -0.347371692175
0.0545 -0.383298658683
0.0546 -0.417712920497
0.0547 -0.450478660249
0.0548 -0.481466566534
0.0549 -0.510554344241
0.055 -0.537627197202
0.0551 -0.562578281234
0.0552 -0.585309125807
0.0553 -0.605730022663
0.0554 -0.623760379852
0.0555 -0.63932903979
0.0556 -0.65237456009
0.0557 -0.662845456042
0.0558 -0.670700403805
0.0559 -0.675908403488
0.056 -0.678448901496
0.0561 -0.678311871643
0.0562 -0.675497854724
0.0563 -0.670017956378
0.0564 -0.661893803261
0.0565 -0.651157457692
0.0566 -0.637851291124
0.0567 -0.622027816915
0.0568 -0.603749483091
0.0569 -0.583088425885
0.057 -0.560126185049
0.0571 -0.534953382058
0.0572 -0.507669362464
0.0573 -0.47838180383
0.0574 -0.447206290767
0.0575 -0.414265858784
0.0576 -0.379690508716
0.0577 -0.343616693675
0.0578 -0.306186780527
0.0579 -0.26754848804
0.058 -0.227854303902
0.0581 -0.187260882923
0.0582 -0.14592842879
0.0583 -0.104020061818
0.0584 -0.0617011751833
0.0585 -0.0191387821991
0.0586 0.0234991428147
0.0587 0.0660443274476
0.0588 0.108328865293
0.0589 0.150185878598
0.059 0.191450176853
0.0591 0.231958908725
0.0592 0.271552204757
0.0593 0.310073808297
0.0594 0.347371692175
0.0595 0.383298658683
0.0596 0.417712920497
0.0597 0.450478660249
0.0598 0.481466566534
0.0599 0.510554344241
0.06 0.537627197202
0.0601 0.562578281234
0.0602 0.585309125807
0.0603 0.605730022663
0.0604 0.623760379852
0.0605 0.63932903979
0.0606 0.65237456009
0.0607 0.662845456042
0.0608 0.670700403805
0.0609 0.675908403488
0.061 0.678448901496
0.0611 0.678311871643
0.0612 0.675497854724
0.0613 0.670017956378
0.0614 0.661893803261
0.0615 0.651157457692
0.0616 0.637851291124
0.0617 0.622027816915
0.0618 0.603749483091
0.0619 0.583088425885
0.062 0.560126185049
0.0621 0.534953382058
0.0622 0.507669362464
0.0623 0.47838180383
0.0624 0.447206290767
0.0625 0.414265858784
0.0626 0.379690508716
0.0627 0.343616693675
0.0628 0.306186780527
0.0629 0.26754848804
0.063 0.227854303902
0.0631 0.187260882923
0.0632 0.14592842879
0.0633 0.104020061818
0.0634 0.0617011751833
0.0635 0.0191387821991
0.0636 -0.0234991428147
0.0637 -0.0660443274476
0.0638 -0.108328865293
0.0639 -0.150185878598
0.064 -0.191450176853
0.0641 -0.231958908725
0.0642 -0.271552204757
0.0643 -0.310073808297
0.0644 -0.347371692175
0.0645 -0.383298658683
0.0646 -0.417712920497
0.0647 -0.450478660249
0.0648 -0.481466566534
0.0649 -0.510554344241
0.065 -0.537627197202
0.0651 -0.562578281234
0.0652 -0.585309125807
0.0653 -0.605730022663
0.0654 -0.623760379852
0.0655 -0.63932903979
0.0656 -0.65237456009
0.0657 -0.662845456042
0.0658 -0.670700403805
0.0659 -0.675908403488
0.066 -0.678448901496
0.0661 -0.678311871643
0.0662 -0.675497854724
0.0663 -0.670017956378
0.0664 -0.661893803261
0.0665 -0.651157457692
0.0666 -0.637851291124
0.0667 -0.622027816915
0.0668 -0.603749483091
0.0669 -0.583088425885
0.067 -0.560126185049
0.0671 -0.534953382058
0.0672 -0.507669362464
0.0673 -0.47838180383
0.0674 -0.447206290767
0.0675 -0.414265858784
0.0676 -0.379690508716
0.0677 -0.343616693675
0.0678 -0.306186780527
0.0679 -0.26754848804
0.068 -0.227854303902
0.0681 -0.187260882923
0.0682 -0.14592842879
0.0683 -0.104020061818
0.0684 -0.0617011751833
0.0685 -0.0191387821991
0.0686 0.0234991428147
0.0687 0.0660443274476
0.0688 0.108328865293
0.0689 0.150185878598
0.069 0.191450176853
0.0691 0.231958908725
0.0692 0.271552204757
0.0693 0.310073808297
0.0694 0.347371692175
0.0695 0.383298658683
0.0696 0.417712920497
0.0697 0.450478660249
0.0698 0.481466566534
0.0699 0.510554344241
0.07 0.537627197202
0.0701 0.562578281234
0.0702 0.585309125807
0.0703 0.605730022663
0.0704 0.623760379852
0.0705 0.63932903979
0.0706 0.65237456009
0.0707 0.662845456042
0.0708 0.670700403805
0.0709 0.675908403488
0.071 0.678448901496
0.0711 0.678311871643
0.0712 0.675497854724
0.0713 0.670017956378
0.0714 0.661893803261
0.0715 0.651157457692
0.0716 0.637851291124
0.0717 0.622027816915
0.0718 0.603749483091
0.0719 0.583088425885
0.072 0.560126185049
0.0721 0.534953382058
0.0722 0.507669362464
0.0723 0.47838180383
0.0724 0.447206290767
0.0725 0.414265858784
0.0726 0.379690508716
0.0727 0.343616693675
0.0728 0.306186780527
0.0729 0.26754848804
0.073 0.227854303902
0.0731 0.187260882923
0.0732 0.14592842879
0.0733 0.104020061818
0.0734 0.0617011751833
0.0735 0.0191387821991
0.0736 -0.0234991428147
0.0737 -0.0660443274476
0.0738 -0.108328865293
0.0739 -0.150185878598
0.074 -0.191450176853
0.0741 -0.231958908725
0.0742 -0.271552204757
0.0743 -0.310073808297
0.0744 -0.347371692175
0.0745 -0.383298658683
0.0746 -0.417712920497
0.0747 -0.450478660249
0.0748 -0.481466566534
0.0749 -0.510554344241
0.075 -0.537627197202
0.0751 -0.562578281234
0.0752 -0.585309125807
0.0753 -0.605730022663
0.0754 -0.623760379852
0.0755 -0.63932903979
0.0756 -0.65237456009
0.0757 -0.662845456042
0.0758 -0.670700403805
0.0759 -0.675908403488
0.076 -0.678448901496
0.0761 -0.678311871643
0.0762 -0.675497854724
0.0763 -0.670017956378
0.0764 -0.661893803261
0.0765 -0.651157457692
0.0766 -0.637851291124
0.0767 -0.622027816915
0.0768 -0.603749483091
0.0769 -0.583088425885
0.077 -0.560126185049
0.0771 -0.534953382058
0.0772 -0.507669362464
0.0773 -0.47838180383
0.0774 -0.447206290767
0.0775 -0.414265858784
0.0776 -0.379690508716
0.0777 -0.343616693675
0.0778 -0.306186780527
0.0779 -0.26754848804
0.078 -0.227854303902
0.0781 -0.187260882923
0.0782 -0.14592842879
0.0783 -0.104020061818
0.0784 -0.0617011751833
0.0785 -0.0191387821991
0.0786 0.0234991428147
0.0787 0.0660443274476
0.0788 0.108328865293
0.0789 0.150185878598
0.079 0.191450176853
0.0791 0.231958908725
0.0792 0.271552204757
0.0793 0.310073808297
0.0794 0.347371692175
0.0795 0.383298658683
0.0796 0.417712920497
0.0797 0.450478660249
0.0798 0.481466566534
0.0799 0.510554344241
0.08 0.537627197202
0.0801 0.562578281234
0.0802 0.585309125807
0.0803 0.605730022663
0.0804 0.623760379852
0.0805 0.63932903979
0.0806 0.65237456009
0.0807 0.662845456042
0.0808 0.670700403805
0.0809 0.675908403488
0.081 0.678448901496
0.0811 0.678311871643
0.0812 0.675497854724
0.0813 0.670017956378
0.0814 0.661893803261
0.0815 0.651157457692
0.0816 0.637851291124
0.0817 0.622027816915
0.0818 0.603749483091
0.0819 0.583088425885
0.082 0.560126185049
0.0821 0.534953382058
0.0822 0.507669362464
0.0823 0.47838180383
0.0824 0.447206290767
0.0825 0.414265858784
0.0826 0.379690508716
0.0827 0.343616693675
0.0828 0.306186780527
0.0829 0.26754848804
0.083 0.227854303902
0.0831 0.187260882923
0.0832 0.14592842879
0.0833 0.104020061818
0.0834 0.0617011751833
0.0835 0.0191387821991
0.0836 -0.0234991428147
0.0837 -0.0660443274476
0.0838 -0.108328865293
0.0839 -0.150185878598
0.084 -0.191450176853
0.0841 -0.231958908725
0.0842 -0.271552204757
0.0843 -0.310073808297
0.0844 -0.347371692175
0.0845 -0.383298658683
0.0846 -0.417712920497
0.0847 -0.450478660249
0.0848 -0.481466566534
0.0849 -0.510554344241
0.085 -0.537627197202
0.0851 -0.562578281234
0.0852 -0.585309125807
0.0853 -0.605730022663
0.0854 -0.623760379852
0.0855 -0.63932903979
0.0856 -0.65237456009
0.0857 -0.662845456042
0.0858 -0.670700403805
0.0859 -0.675908403488
0.086 -0.678448901496
0.0861 -0.678311871643
0.0862 -0.675497854724
0.0863 -0.670017956378
0.0864 -0.661893803261
0.0865 -0.651157457692
0.0866 -0.637851291124
0.0867 -0.622027816915
0.0868 -0.603749483091
0.0869 -0.583088425885
0.087 -0.560126185049
0.0871 -0.534953382058
0.0872 -0.507669362464
0.0873 -0.47838180383
0.0874 -0.447206290767
0.0875 -0.414265858784
0.0876 -0.379690508716
0.0877 -0.343616693675
0.0878 -0.306186780527
0.0879 -0.26754848804
0.088 -0.227854303902
0.0881 -0.187260882923
0.0882 -0.14592842879
0.0883 -0.104020061818
0.0884 -0.0617011751833
0.0885 -0.0191387821991
0.0886 0.0234991428147
0.0887 0.0660443274476
0.0888 0.108328865293
0.0889 0.150185878598
0.089 0.191450176853
0.0891 0.231958908725
0.0892 0.271552204757
0.0893 0.310073808297
0.0894 0.347371692175
0.0895 0.383298658683
0.0896 0.417712920497
0.0897 0.450478660249
0.0898 0.481466566534
0.0899 0.510554344241
0.09 0.537627197202
0.0901 0.562578281234
0.0902 0.585309125807
0.0903 0.605730022663
0.0904 0.623760379852
0.0905 0.63932903979
0.0906 0.65237456009
0.0907 0.662845456042
0.0908 0.670700403805
0.0909 0.675908403488
0.091 0.678448901496
0.0911 0.678311871643
0.0912 0.675497854724
0.0913 0.670017956378
0.0914 0.661893803261
0.0915 0.651157457692
0.0916 0.637851291124
0.0917 0.622027816915
0.0918 0.603749483091
0.0919 0.583088425885
0.092 0.560126185049
0.0921 0.534953382058
0.0922 0.507669362464
0.0923 0.47838180383
0.0924 0.447206290767
0.0925 0.414265858784
0.0926 0.379690508716
0.0927 0.343616693675
0.0928 0.306186780527
0.0929 0.26754848804
0.093 0.227854303902
0.0931 0.187260882923
0.0932 0.14592842879
0.0933 0.104020061818
0.0934 0.0617011751833
0.0935 0.0191387821991
0.0936 -0.0234991428147
0.0937 -0.0660443274476
0.0938 -0.108328865293
0.0939 -0.150185878598
0.094 -0.191450176853
0.0941 -0.231958908725
0.0942 -0.271552204757
0.0943 -0.310073808297
0.0944 -0.347371692175
0.0945 -0.383298658683
0.0946 -0.417712920497
0.0947 -0.450478660249
0.0948 -0.481466566534
0.0949 -0.510554344241
0.095 -0.537627197202
0.0951 -0.562578281234
0.0952 -0.585309125807
0.0953 -0.605730022663
0.0954 -0.623760379852
0.0955 -0.63932903979
0.0956 -0.65237456009
0.0957 -0.662845456042
0.0958 -0.670700403805
0.0959 -0.675908403488
0.096 -0.678448901496
0.0961 -0.678311871643
0.0962 -0.675497854724
0.0963 -0.670017956378
0.0964 -0.661893803261
0.0965 -0.651157457692
0.0966 -0.637851291124
0.0967 -0.622027816915
0.0968 -0.603749483091
0.0969 -0.583088425885
0.097 -0.560126185049
0.0971 -0.534953382058
0.0972 -0.507669362464
0.0973 -0.47838180383
0.0974 -0.447206290767
0.0975 -0.414265858784
0.0976 -0.379690508716
0.0977 -0.343616693675
0.0978 -0.306186780527
0.0979 -0.26754848804
0.098 -0.227854303902
0.0981 -0.187260882923
0.0982 -0.14592842879
0.0983 -0.104020061818
0.0984 -0.0617011751833
0.0985 -0.0191387821991
0.0986 0.0234991428147
0.0987 0.0660443274476
0.0988 0.108328865293
0.0989 0.150185878598
0.099 0.191450176853
0.0991 0.231958908725
0.0992 0.271552204757
0.0993 0.310073808297
0.0994 0.347371692175
0.0995 0.383298658683
0.0996 0.417712920497
0.0997 0.450478660249
0.0998 0.481466566534
0.0999 0.510554344241
0.1 0.537627197202
